# Created by Octave 4.4.0, Wed Jun 06 20:52:34 2018 GMT <unknown@IE3PLT1QMRFH2>
# name: v
# type: matrix
# rows: 3
# columns: 2
 2000 1
 2301 3
 3432 4


